5f36f238b6da
V: [0.9118078  0.05910756 0.02739153 0.00169309] 
A: [0.6749668  0.27780724 0.04597904 0.00124691]
GT: [1. 0. 0. 0.]

88712196ff42
V: [0.06048273 0.20896691 0.41362533 0.316925  ]
A: [0.38480765 0.49805367 0.11194313 0.00519551] 
GT: [1. 0. 0. 0.]

2031e20f78e7
V: [0.34987164 0.44193044 0.17879862 0.02939928] 
A: [0.20369887 0.37037447 0.36147428 0.06445242]
GT: [0.  0.5 0.5 0. ]

2329cb0fa609
V: [0.17672169 0.4196074  0.36205894 0.04161202] 
A: [0.21214488 0.58293676 0.1972287  0.00768963]
GT: [0. 1. 0. 0.]

e35c85dc98c6
V: [8.9105117e-01 9.8915748e-02 9.3471650e-03 6.8586564e-04]
A: [6.6706419e-01 2.9695356e-01 3.5604067e-02 3.7813315e-04] 
GT: [1. 0. 0. 0.]

f27ed4acb80c
V: [0.27278262 0.49368095 0.22867736 0.00485908]
A: [0.3023101  0.54491967 0.14710774 0.0056625 ] 
GT: [0.5 0.5 0.  0. ]

5c5a95c00562
V: [0.09553419 0.30034506 0.5793108  0.02481   ]
A: [0.11083717 0.452609   0.342975   0.09357878] 
GT: [0.  0.5 0.5 0. ]

95970593d184
V: [9.1660362e-01 7.4198276e-02 8.7966295e-03 4.0144217e-04]
A: [0.7066725  0.20634626 0.07482418 0.01215708] 
GT: [1. 0. 0. 0.]